1500 60.098522
2500 60.098522
3500 60.098522
4500 60.098522
5500 60.098522
6500 59.523808
7500 59.523808
8500 59.523808
9500 59.523808
10500 59.523808
11500 59.523808
12500 59.523808
13500 59.523808
14500 59.523808
15500 59.523808
16500 59.523808
17500 59.523808
18500 59.523808
19500 59.523808
20500 59.523808
21500 59.523808
22500 59.523808
23500 59.523808
24500 59.523808
25500 59.523808
26500 59.523808
27500 19.801981
28500 19.801981
29500 19.801981
30500 19.801981
31500 19.801981
32500 19.801981
33500 19.801981
34500 19.801981
35500 19.801981
36500 19.801981
37500 19.801981
38500 8.712488
39500 8.712488
40500 8.712488
41500 8.712488
42500 8.712488
43500 8.712488
44500 8.712488
45500 8.712488
46500 7.266122
47500 7.266122
48500 7.266122
49500 7.266122
50500 7.266122
51500 7.266122
52500 5.586592
53500 5.586592
54500 5.586592
55500 5.586592
56500 5.586592
57500 5.586592
58500 5.586592
59500 5.586592
60500 5.102041
61500 5.102041
62500 5.102041
63500 5.102041
64500 5.102041
65500 4.703669
66500 4.703669
67500 4.703669
68500 4.703669
69500 4.703669
70500 4.496403
71500 4.496403
72500 4.496403
73500 4.496403
74500 4.496403
75500 3.773585
76500 3.773585
77500 3.773585
78500 3.773585
79500 3.773585
80500 3.773585
81500 3.921569
82500 3.921569
83500 3.921569
84500 3.921569
85500 3.921569
86500 3.921569
87500 3.496503
88500 3.496503
89500 3.407155
90500 3.407155
91500 2.967359
92500 2.967359
93500 3.286771
94500 2.798507
95500 2.798507
96500 2.921130
97500 2.921130
98500 2.921130
99500 2.921130
100500 2.912621
101500 2.912621
102500 2.912621
103500 2.912621
104500 2.912621
105500 2.915452
106500 2.915452
107500 2.915452
108500 2.915452
109500 2.915452
110500 2.865329
111500 2.865329
112500 2.865329
113500 2.865329
114500 2.865329
115500 2.491694
116500 2.491694
117500 2.491694
118500 2.491694
119500 2.491694
120500 2.463054
121500 2.463054
122500 2.463054
123500 2.463054
124500 2.463054
125500 2.396166
126500 2.396166
127500 2.396166
128500 2.396166
129500 2.298851
130500 2.298851
131500 2.298851
132500 2.298851
133500 2.298851
134500 2.218935
135500 2.218935
136500 2.218935
137500 2.218935
138500 2.153625
139500 2.153625
140500 2.153625
141500 2.153625
142500 2.153625
143500 2.049180
144500 2.049180
145500 2.049180
146500 2.025658
147500 2.025658
148500 2.025658
149500 2.025658
150500 1.972386
151500 1.972386
152500 1.972386
153500 1.906578
154500 1.906578
155500 1.906578
156500 1.902950
157500 1.902950
158500 1.902950
159500 1.902950
160500 1.841621
161500 1.841621
162500 1.841621
163500 1.792115
164500 1.792115
165500 1.792115
166500 1.777778
167500 1.777778
168500 1.777778
169500 1.727116
170500 1.727116
171500 1.727116
172500 1.730104
173500 1.730104
174500 1.730104
175500 1.683502
176500 1.683502
177500 1.683502
178500 1.642036
179500 1.642036
180500 1.642036
181500 1.632653
182500 1.632653
183500 1.632653
184500 1.588562
185500 1.588562
186500 1.588562
187500 1.569859
188500 1.569859
189500 1.569859
190500 1.527884
191500 1.527884
192500 1.527884
193500 1.515152
194500 1.515152
195500 1.515152
196500 1.471670
197500 1.471670
198500 1.471670
199500 1.501501
200500 1.501501
201500 1.501501
202500 1.429592
203500 1.429592
204500 1.429592
205500 1.452433
206500 1.452433
207500 1.452433
208500 1.452433
209500 1.398601
210500 1.398601
211500 1.388889
212500 1.388889
213500 1.388889
214500 1.388889
215500 1.354096
216500 1.354096
217500 1.354096
218500 1.351351
219500 1.351351
220500 1.351351
221500 1.164144
222500 1.164144
223500 1.164144
224500 1.290323
225500 1.290323
226500 1.290323
227500 1.290323
228500 1.275510
229500 1.275510
230500 1.275510
231500 1.275510
232500 1.249219
233500 1.249219
234500 1.233806
235500 1.233806
236500 1.233806
237500 1.233806
238500 1.212121
239500 1.212121
240500 1.212121
241500 1.212121
242500 1.212121
243500 1.212121
244500 1.212121
245500 1.196888
246500 1.196888
247500 1.196888
248500 1.196888
249500 1.196888
250500 1.196888
251500 1.196888
252500 1.196888
253500 1.196888
254500 1.170960
255500 1.170960
256500 1.131222
257500 1.131222
258500 1.131222
259500 1.116071
260500 1.116071
261500 1.116071
262500 1.097093
263500 1.097093
264500 1.097093
265500 1.095290
266500 1.095290
267500 1.095290
268500 1.095290
269500 1.070091
270500 1.070091
271500 1.070091
272500 1.070091
273500 1.059883
274500 1.059883
275500 1.059883
276500 1.059883
277500 1.046572
278500 1.046572
279500 1.046572
280500 1.033592
281500 1.033592
282500 1.033592
283500 1.033592
284500 1.033592
285500 1.018849
286500 1.018849
287500 1.018849
288500 1.009591
289500 1.009591
290500 0.981354
291500 0.981354
292500 0.997009
293500 0.979432
294500 0.979432
295500 0.973710
296500 0.973710
297500 0.968054
298500 0.968054
299500 0.974659
300500 0.959693
301500 0.959693
302500 0.944287
303500 0.944287
304500 0.951475
305500 0.945180
306500 0.945180
307500 0.927644
308500 0.927644
309500 0.938086
310500 0.938086
311500 0.928505
312500 0.928505
313500 0.919118
314500 0.919118
315500 0.916590
316500 0.916590
317500 0.904977
318500 0.904977
319500 0.908265
320500 0.879507
321500 0.879507
322500 0.906618
323500 0.893655
324500 0.893655
325500 0.881834
326500 0.884956
327500 0.884956
328500 0.873362
329500 0.873362
330500 0.873362
331500 0.856898
332500 0.856898
333500 0.863558
334500 0.876424
335500 0.856898
336500 0.853242
337500 0.853242
338500 0.853242
339500 0.846740
340500 0.851064
341500 0.828500
342500 0.848176
343500 0.848176
344500 0.836120
345500 0.836120
346500 0.833333
347500 0.833333
348500 0.814996