1500 59.980335
2500 59.980335
3500 59.980335
4500 59.880241
5500 59.880241
6500 59.880241
7500 59.880241
8500 59.880241
9500 59.880241
10500 59.880241
11500 59.880241
12500 59.880241
13500 59.880241
14500 59.880241
15500 59.880241
16500 59.880241
17500 59.880241
18500 59.880241
19500 59.880241
20500 59.880241
21500 59.880241
22500 59.880241
23500 59.880241
24500 59.880241
25500 59.880241
26500 59.880241
27500 59.880241
28500 59.880241
29500 59.880241
30500 59.880241
31500 59.880241
32500 59.880241
33500 59.880241
34500 59.880241
35500 59.880241
36500 59.880241
37500 59.464821
38500 59.464821
39500 59.464821
40500 59.464821
41500 59.464821
42500 59.464821
43500 59.464821
44500 59.464821
45500 59.464821
46500 59.464821
47500 59.464821
48500 59.464821
49500 59.464821
50500 59.464821
51500 59.464821
52500 59.464821
53500 59.464821
54500 59.464821
55500 59.464821
56500 59.464821
57500 59.464821
58500 59.464821
59500 59.464821
60500 59.464821
61500 59.464821
62500 59.464821
63500 59.464821
64500 59.464821
65500 59.464821
66500 59.464821
67500 59.464821
68500 59.464821
69500 59.464821
70500 57.826519
71500 57.826519
72500 57.826519
73500 57.826519
74500 57.826519
75500 57.826519
76500 57.826519
77500 57.826519
78500 57.826519
79500 57.826519
80500 57.826519
81500 57.826519
82500 57.826519
83500 57.826519
84500 57.826519
85500 57.826519
86500 57.826519
87500 57.826519
88500 57.826519
89500 57.826519
90500 57.826519
91500 57.826519
92500 57.826519
93500 57.826519
94500 57.826519
95500 57.826519
96500 57.826519
97500 57.826519
98500 57.826519
99500 57.826519
100500 57.826519
101500 57.826519
102500 41.584160
103500 41.584160
104500 41.584160
105500 41.584160
106500 41.584160
107500 41.584160
108500 41.584160
109500 41.584160
110500 41.584160
111500 41.584160
112500 41.584160
113500 41.584160
114500 41.584160
115500 41.584160
116500 41.584160
117500 41.584160
118500 41.584160
119500 41.584160
120500 41.584160
121500 41.584160
122500 41.584160
123500 41.584160
124500 41.584160
125500 41.584160
126500 41.584160
127500 41.584160
128500 41.584160
129500 41.584160
130500 41.584160
131500 41.584160
132500 41.584160
133500 41.584160
134500 41.584160
135500 41.584160
136500 29.922779
137500 29.922779
138500 29.922779
139500 29.922779
140500 29.922779
141500 29.922779
142500 29.922779
143500 29.922779
144500 29.922779
145500 29.922779
146500 29.922779
147500 29.922779
148500 29.922779
149500 29.922779
150500 29.922779
151500 29.922779
152500 29.922779
153500 29.922779
154500 29.922779
155500 29.922779
156500 29.922779
157500 29.922779
158500 29.922779
159500 29.922779
160500 29.922779
161500 29.922779
162500 29.922779
163500 29.922779
164500 29.922779
165500 29.922779
166500 29.922779
167500 29.922779
168500 29.922779
169500 23.622047
170500 23.622047
171500 23.622047
172500 23.622047
173500 23.622047
174500 23.622047
175500 23.622047
176500 23.622047
177500 23.622047
178500 23.622047
179500 23.622047
180500 23.622047
181500 23.622047
182500 23.622047
183500 23.622047
184500 23.622047
185500 23.622047
186500 23.622047
187500 23.622047
188500 23.622047
189500 23.622047
190500 23.622047
191500 23.622047
192500 23.622047
193500 23.622047
194500 23.622047
195500 23.622047
196500 23.622047
197500 23.622047
198500 23.622047
199500 23.622047
200500 23.622047
201500 23.622047
202500 19.417477
203500 19.417477
204500 19.417477
205500 19.417477
206500 19.417477
207500 19.417477
208500 19.417477
209500 19.417477
210500 19.417477
211500 19.417477
212500 19.417477
213500 19.417477
214500 19.417477
215500 19.417477
216500 19.417477
217500 19.417477
218500 19.417477
219500 19.417477
220500 19.417477
221500 19.417477
222500 19.417477
223500 19.417477
224500 19.417477
225500 19.417477
226500 19.417477
227500 19.417477
228500 19.417477
229500 19.417477
230500 19.417477
231500 19.417477
232500 19.417477
233500 19.417477
234500 19.417477
235500 16.634052
236500 16.634052
237500 16.634052
238500 16.634052
239500 16.634052
240500 16.634052
241500 16.634052
242500 16.634052
243500 16.634052
244500 16.634052
245500 16.634052
246500 16.634052
247500 16.634052
248500 16.634052
249500 16.634052
250500 16.634052
251500 16.634052
252500 16.634052
253500 16.634052
254500 16.634052
255500 16.634052
256500 16.634052
257500 16.634052
258500 16.634052
259500 16.634052
260500 16.634052
261500 16.634052
262500 16.634052
263500 16.634052
264500 16.634052
265500 16.634052
266500 16.634052
267500 16.634052
268500 16.634052
269500 14.478765
270500 14.478765
271500 14.478765
272500 14.478765
273500 14.478765
274500 14.478765
275500 14.478765
276500 14.478765
277500 14.478765
278500 14.478765
279500 14.478765
280500 14.478765
281500 14.478765
282500 14.478765
283500 14.478765
284500 14.478765
285500 14.478765
286500 14.478765
287500 14.478765
288500 14.478765
289500 14.478765
290500 14.478765
291500 14.478765
292500 14.478765
293500 14.478765
294500 14.478765
295500 14.478765
296500 14.478765
297500 14.478765
298500 14.478765
299500 14.478765
300500 14.478765
301500 14.478765
302500 12.757605
303500 12.757605
304500 12.757605
305500 12.757605
306500 12.757605
307500 12.757605
308500 12.757605
309500 12.757605
310500 12.757605
311500 12.757605
312500 12.757605
313500 12.757605
314500 12.757605
315500 12.757605
316500 12.757605
317500 12.757605
318500 12.757605
319500 12.757605
320500 12.757605
321500 12.757605
322500 12.757605
323500 12.757605
324500 12.757605
325500 12.757605
326500 12.757605
327500 12.757605
328500 12.757605
329500 12.757605
330500 12.757605
331500 12.757605
332500 12.757605
333500 12.757605
334500 12.757605
335500 12.757605
336500 11.461317
337500 11.461317
338500 11.461317
339500 11.461317
340500 11.461317
341500 11.352885
342500 11.352885
343500 11.352885
344500 11.352885
345500 11.352885
346500 11.352885
347500 11.352885
348500 11.352885
349500 11.352885
350500 11.352885
351500 11.352885
352500 11.352885
353500 11.352885
354500 11.352885
355500 11.352885
356500 11.352885
357500 11.352885
358500 11.352885
359500 11.352885
360500 11.352885
361500 11.352885
362500 11.352885
363500 11.352885
364500 11.352885
365500 11.352885
366500 11.352885
367500 11.352885
368500 11.352885
369500 11.352885
370500 11.352885
371500 11.352885
372500 11.352885
373500 11.352885
374500 11.352885
375500 11.352885
376500 12.404580
377500 12.404580
378500 12.404580
379500 12.404580
380500 12.404580
381500 12.404580
382500 12.404580
383500 12.404580
384500 12.404580
385500 12.404580
386500 12.404580
387500 12.404580
388500 12.404580
389500 12.404580
390500 12.404580
391500 12.404580
392500 12.404580
393500 12.404580
394500 12.404580
395500 12.404580
396500 12.404580
397500 12.404580
398500 12.404580
399500 12.404580
400500 12.404580
401500 12.404580
402500 12.404580
403500 12.404580
404500 12.404580
405500 12.404580
406500 12.404580
407500 12.404580
408500 12.404580
409500 12.404580
410500 12.572534
411500 12.572534
412500 12.572534
413500 12.572534
414500 12.572534
415500 12.572534
416500 12.572534
417500 12.572534
418500 12.572534
419500 12.572534
420500 12.572534
421500 12.572534
422500 12.572534
423500 12.572534
424500 12.572534
425500 12.572534
426500 12.572534
427500 12.572534
428500 12.572534
429500 12.572534
430500 12.572534
431500 12.572534
432500 12.572534
433500 12.572534
434500 12.572534
435500 12.572534
436500 12.572534
437500 12.572534
438500 12.572534
439500 12.572534
440500 12.572534
441500 12.572534
442500 12.572534
443500 12.572534
444500 11.583012
445500 11.583012
446500 11.583012
447500 11.583012
448500 11.583012
449500 11.583012
450500 11.583012
451500 11.583012
452500 11.583012
453500 11.583012
454500 11.583012
455500 11.583012
456500 11.583012
457500 11.583012
458500 11.583012
459500 11.583012
460500 11.583012
461500 11.583012
462500 11.583012
463500 11.583012
464500 11.583012
465500 11.583012
466500 11.583012
467500 11.583012
468500 11.583012
469500 11.583012
470500 11.583012
471500 11.583012
472500 11.583012
473500 11.583012
474500 11.583012
475500 11.583012
476500 11.583012
477500 10.784314
478500 10.784314
479500 10.784314
480500 10.784314
481500 10.784314
482500 10.784314
483500 10.784314
484500 10.784314
485500 10.784314
486500 10.784314
487500 10.784314
488500 10.784314
489500 10.784314
490500 10.784314
491500 10.784314
492500 10.784314
493500 10.784314
494500 10.784314
495500 10.784314
496500 10.784314
497500 10.784314
498500 10.784314
499500 10.784314
500500 10.784314
501500 10.784314
502500 10.784314
503500 10.784314
504500 10.784314
505500 10.784314
506500 10.784314
507500 10.784314
508500 10.784314
509500 10.784314
510500 10.784314
511500 10.784314
512500 10.784314
513500 10.045662
514500 10.045662
515500 10.045662
516500 10.045662
517500 10.045662
518500 10.045662
519500 10.045662
520500 10.045662
521500 10.045662
522500 10.045662
523500 10.045662
524500 10.045662
525500 10.045662
526500 10.045662
527500 10.045662
528500 10.045662
529500 10.045662
530500 10.045662
531500 10.045662
532500 10.045662
533500 10.045662
534500 10.045662
535500 10.045662
536500 10.045662
537500 10.045662
538500 10.045662
539500 10.045662
540500 10.045662
541500 10.045662
542500 10.045662
543500 10.045662
544500 10.045662
545500 10.045662
546500 10.045662
547500 9.389671
548500 9.389671
549500 9.389671
550500 9.389671
551500 9.389671
552500 9.389671
553500 9.389671
554500 9.389671
555500 9.389671
556500 9.389671
557500 9.389671
558500 9.389671
559500 9.389671
560500 9.389671
561500 9.033423
562500 9.033423
563500 9.033423
564500 9.033423
565500 9.033423
566500 9.033423
567500 9.033423
568500 9.033423
569500 9.033423
570500 9.033423
571500 9.033423
572500 9.033423
573500 9.033423
574500 9.033423
575500 9.033423
576500 9.033423
577500 9.033423
578500 9.033423
579500 9.033423
580500 9.033423
581500 9.033423
582500 9.033423
583500 8.875739
584500 8.875739
585500 8.875739
586500 8.875739
587500 8.875739
588500 8.875739
589500 8.875739
590500 8.875739
591500 8.875739
592500 8.875739
593500 8.875739
594500 8.875739
595500 8.875739
596500 8.875739
597500 8.875739
598500 8.875739
599500 8.875739
600500 8.875739
601500 8.875739
602500 8.875739
603500 8.875739
604500 8.875739
605500 8.875739
606500 8.875739
607500 8.875739
608500 8.875739
609500 8.875739
610500 8.875739
611500 8.403361
612500 8.403361
613500 8.403361
614500 8.403361
615500 8.403361
616500 8.403361
617500 8.403361
618500 8.403361
619500 8.403361
620500 8.403361
621500 8.403361
622500 8.403361
623500 8.403361
624500 8.403361
625500 8.403361
626500 8.403361
627500 8.403361
628500 8.403361
629500 8.403361
630500 8.403361
631500 8.403361
632500 8.403361
633500 8.403361
634500 8.403361
635500 8.403361
636500 8.403361
637500 8.403361
638500 8.403361
639500 8.403361
640500 7.722008
641500 7.722008
642500 7.722008
643500 7.722008
644500 7.722008
645500 7.722008
646500 7.722008
647500 7.722008
648500 7.722008
649500 7.722008
650500 7.722008
651500 7.722008
652500 7.722008
653500 7.722008
654500 7.722008
655500 7.722008
656500 7.722008
657500 7.722008
658500 7.722008
659500 7.722008
660500 7.722008
661500 7.722008
662500 7.722008
663500 7.722008
664500 7.722008
665500 7.722008
666500 7.722008
667500 7.722008
668500 7.722008
669500 7.722008
670500 7.662835
671500 7.662835
672500 7.662835
673500 7.662835
674500 7.662835
675500 7.662835
676500 7.662835
677500 7.662835
678500 7.662835
679500 7.662835
680500 7.662835
681500 7.662835
682500 7.662835
683500 7.662835
684500 7.662835
685500 7.662835
686500 7.662835
687500 7.662835
688500 7.662835
689500 7.662835
690500 7.662835
691500 7.662835
692500 7.662835
693500 7.662835
694500 7.662835
695500 7.662835
696500 7.662835
697500 7.662835
698500 7.662835
699500 7.662835
700500 7.662835
701500 7.332723
702500 7.332723
703500 7.332723
704500 7.332723
705500 7.332723
706500 7.332723
707500 7.332723
708500 7.332723
709500 7.332723
710500 7.332723
711500 7.332723
712500 7.332723
713500 7.332723
714500 7.332723
715500 7.332723
716500 7.332723
717500 7.332723
718500 7.332723
719500 7.332723
720500 7.332723
721500 7.332723
722500 7.332723
723500 7.332723
724500 7.332723
725500 7.332723
726500 7.332723
727500 7.332723
728500 7.332723
729500 7.332723
730500 7.332723
731500 7.332723
732500 7.332723
733500 7.029877
734500 7.029877
735500 7.029877
736500 7.029877
737500 7.029877
738500 7.029877
739500 7.029877
740500 7.029877
741500 7.029877
742500 7.029877
743500 7.029877
744500 7.029877
745500 7.029877
746500 7.029877
747500 7.029877
748500 7.029877
749500 7.029877
750500 7.029877
751500 7.029877
752500 7.029877
753500 7.029877
754500 7.029877
755500 7.029877
756500 7.029877
757500 7.029877
758500 7.029877
759500 7.029877
760500 7.029877
761500 6.769825
762500 6.769825
763500 6.769825
764500 6.769825
765500 6.769825
766500 6.769825
767500 6.769825
768500 6.769825
769500 6.769825
770500 6.769825
771500 6.769825
772500 6.769825
773500 6.769825
774500 6.769825
775500 6.769825
776500 6.769825
777500 6.769825
778500 6.769825
779500 6.769825
780500 6.769825
781500 6.769825
782500 6.769825
783500 6.769825
784500 6.769825
785500 6.769825
786500 6.769825
787500 6.769825
788500 6.769825
789500 6.517691
790500 6.517691
791500 6.517691
792500 6.517691
793500 6.517691
794500 6.517691
795500 6.517691
796500 6.517691
797500 6.517691
798500 6.517691
799500 6.517691
800500 6.517691
801500 6.517691
802500 6.517691
803500 6.517691
804500 6.517691
805500 6.517691
806500 6.517691
807500 6.517691
808500 6.517691
809500 6.517691
810500 6.517691
811500 6.517691
812500 6.517691
813500 6.517691
814500 6.517691
815500 6.517691
816500 6.517691
817500 6.517691
818500 6.278027
819500 6.278027
820500 6.278027
821500 6.278027
822500 6.278027
823500 6.278027
824500 6.278027
825500 6.278027
826500 6.278027
827500 6.278027
828500 6.278027
829500 6.278027
830500 6.278027
831500 6.278027
832500 6.278027
833500 6.278027
834500 6.278027
835500 6.278027
836500 6.278027
837500 6.278027
838500 6.278027
839500 6.278027
840500 6.278027
841500 6.278027
842500 6.278027
843500 6.278027
844500 6.278027
845500 6.278027
846500 6.278027
847500 6.278027
848500 6.278027
849500 6.278027
850500 6.278027
851500 6.278027
852500 6.278027
853500 6.278027
854500 6.278027
855500 5.982906
856500 5.982906
857500 5.982906
858500 5.982906
859500 5.982906
860500 5.982906
861500 5.982906
862500 5.982906
863500 5.982906
864500 5.982906
865500 5.982906
866500 5.982906
867500 5.982906
868500 5.982906
869500 5.982906
870500 5.982906
871500 5.982906
872500 5.982906
873500 5.982906
874500 5.982906
875500 5.982906
876500 5.982906
877500 5.982906
878500 5.982906
879500 5.982906
880500 5.982906
881500 5.982906
882500 5.982906
883500 5.982906
884500 5.982906
885500 5.982906
886500 5.982906
887500 5.982906
888500 5.982906
889500 5.703422
890500 5.703422
891500 5.703422
892500 5.703422
893500 5.703422
894500 5.703422
895500 5.703422
896500 5.703422
897500 5.703422
898500 5.703422
899500 5.703422
900500 5.703422
901500 5.703422
902500 5.703422
903500 5.703422
904500 5.703422
905500 5.703422
906500 5.703422
907500 5.703422
908500 5.703422
909500 5.703422
910500 5.703422
911500 5.703422
912500 5.703422
913500 5.703422
914500 5.703422
915500 5.703422
916500 5.703422
917500 5.703422
918500 5.703422
919500 5.703422
920500 5.703422
921500 5.703422
922500 5.703422
923500 5.703422
924500 5.535055
925500 5.535055
926500 5.535055
927500 5.535055
928500 5.535055
929500 5.535055
930500 5.535055
931500 5.535055
932500 5.535055
933500 5.535055
934500 5.535055
935500 5.535055
936500 5.535055
937500 5.535055
938500 5.535055
939500 5.535055
940500 5.535055
941500 5.535055
942500 5.535055
943500 5.535055
944500 5.535055
945500 5.535055
946500 5.535055
947500 5.535055
948500 5.535055
949500 5.535055
950500 5.535055
951500 5.535055
952500 5.535055
953500 5.535055
954500 5.535055
955500 5.535055
956500 5.535055
957500 5.535055
958500 5.535055
959500 5.535055
960500 5.535055
961500 5.291006
962500 5.291006
963500 5.291006
964500 5.291006
965500 5.291006
966500 5.291006
967500 5.291006
968500 5.291006
969500 5.291006
970500 5.291006
971500 5.291006
972500 5.291006
973500 5.291006
974500 5.291006
975500 5.291006
976500 5.291006
977500 5.291006
978500 5.291006
979500 5.291006
980500 5.291006
981500 5.291006
982500 5.291006
983500 5.291006
984500 5.291006
985500 5.291006
986500 5.291006
987500 5.291006
988500 5.291006
989500 5.291006
990500 5.291006
991500 5.291006
992500 5.291006
993500 5.291006
994500 5.291006
995500 5.291006
996500 5.291006
997500 5.291006
998500 5.291006
999500 5.102041