1500 59.980335
2500 59.940056
3500 59.940056
4500 59.940056
5500 59.940056
6500 59.940056
7500 59.940056
8500 59.940056
9500 59.940056
10500 59.940056
11500 59.940056
12500 59.940056
13500 59.940056
14500 59.940056
15500 59.940056
16500 59.940056
17500 59.940056
18500 59.940056
19500 59.940056
20500 59.940056
21500 59.940056
22500 59.940056
23500 59.940056
24500 59.642143
25500 59.642143
26500 59.642143
27500 59.642143
28500 59.642143
29500 59.642143
30500 59.642143
31500 59.642143
32500 59.642143
33500 59.642143
34500 59.642143
35500 59.642143
36500 59.642143
37500 59.642143
38500 59.642143
39500 59.642143
40500 59.642143
41500 59.642143
42500 59.642143
43500 59.642143
44500 59.642143
45500 59.642143
46500 59.642143
47500 59.642143
48500 59.642143
49500 59.642143
50500 59.642143
51500 59.642143
52500 59.642143
53500 59.642143
54500 59.642143
55500 59.642143
56500 59.642143
57500 56.660038
58500 56.660038
59500 56.660038
60500 56.660038
61500 56.660038
62500 56.660038
63500 56.660038
64500 56.660038
65500 56.660038
66500 56.660038
67500 56.660038
68500 56.660038
69500 56.660038
70500 56.660038
71500 56.660038
72500 56.660038
73500 56.660038
74500 56.660038
75500 56.660038
76500 56.660038
77500 56.660038
78500 56.660038
79500 56.660038
80500 56.660038
81500 56.660038
82500 56.660038
83500 56.660038
84500 56.660038
85500 56.660038
86500 56.660038
87500 56.660038
88500 56.660038
89500 56.660038
90500 45.589695
91500 45.589695
92500 45.589695
93500 45.589695
94500 45.589695
95500 45.589695
96500 45.589695
97500 45.589695
98500 45.589695
99500 45.589695
100500 45.589695
101500 45.589695
102500 45.589695
103500 45.589695
104500 45.589695
105500 45.589695
106500 45.589695
107500 45.589695
108500 45.589695
109500 45.589695
110500 45.589695
111500 45.589695
112500 45.589695
113500 45.589695
114500 45.589695
115500 45.589695
116500 45.589695
117500 45.589695
118500 45.589695
119500 45.589695
120500 45.589695
121500 45.589695
122500 45.589695
123500 30.888031
124500 30.888031
125500 30.888031
126500 30.888031
127500 30.888031
128500 30.888031
129500 30.888031
130500 30.888031
131500 30.888031
132500 30.888031
133500 30.888031
134500 30.888031
135500 30.888031
136500 30.888031
137500 30.888031
138500 30.888031
139500 30.888031
140500 30.888031
141500 30.888031
142500 30.888031
143500 30.888031
144500 30.888031
145500 30.888031
146500 30.888031
147500 30.888031
148500 30.888031
149500 30.888031
150500 30.888031
151500 30.888031
152500 30.888031
153500 30.888031
154500 30.888031
155500 30.888031
156500 23.598822
157500 23.598822
158500 23.598822
159500 23.598822
160500 23.598822
161500 23.598822
162500 23.598822
163500 23.598822
164500 23.598822
165500 23.598822
166500 23.598822
167500 23.598822
168500 23.598822
169500 23.598822
170500 23.598822
171500 23.598822
172500 23.598822
173500 23.598822
174500 23.598822
175500 23.598822
176500 23.598822
177500 23.598822
178500 23.598822
179500 23.598822
180500 23.598822
181500 23.598822
182500 23.598822
183500 23.598822
184500 23.598822
185500 23.598822
186500 23.598822
187500 23.598822
188500 23.598822
189500 23.598822
190500 19.193857
191500 19.193857
192500 19.193857
193500 19.193857
194500 19.193857
195500 19.193857
196500 19.193857
197500 19.193857
198500 19.193857
199500 19.193857
200500 19.193857
201500 19.193857
202500 19.193857
203500 19.193857
204500 19.193857
205500 19.193857
206500 19.193857
207500 19.193857
208500 19.193857
209500 19.193857
210500 19.193857
211500 19.193857
212500 19.193857
213500 19.193857
214500 19.193857
215500 19.193857
216500 19.193857
217500 19.193857
218500 19.193857
219500 19.193857
220500 19.193857
221500 19.193857
222500 19.193857
223500 19.193857
224500 19.193857
225500 16.175072
226500 16.175072
227500 16.175072
228500 16.175072
229500 16.175072
230500 16.175072
231500 16.175072
232500 16.175072
233500 16.175072
234500 16.175072
235500 16.175072
236500 16.175072
237500 16.175072
238500 16.175072
239500 16.175072
240500 16.175072
241500 16.175072
242500 16.175072
243500 16.175072
244500 16.175072
245500 16.175072
246500 16.175072
247500 16.175072
248500 16.175072
249500 16.175072
250500 16.175072
251500 16.175072
252500 16.175072
253500 16.175072
254500 16.175072
255500 16.175072
256500 16.175072
257500 16.175072
258500 16.175072
259500 13.979497
260500 13.979497
261500 13.979497
262500 13.979497
263500 13.979497
264500 13.979497
265500 13.979497
266500 13.979497
267500 13.979497
268500 13.979497
269500 13.979497
270500 13.979497
271500 13.979497
272500 13.979497
273500 13.979497
274500 13.979497
275500 13.979497
276500 13.979497
277500 13.979497
278500 13.979497
279500 13.979497
280500 13.979497
281500 13.979497
282500 13.979497
283500 13.979497
284500 13.979497
285500 13.979497
286500 13.979497
287500 13.979497
288500 13.979497
289500 13.979497
290500 13.979497
291500 13.979497
292500 13.979497
293500 13.979497
294500 12.206573
295500 12.206573
296500 12.206573
297500 12.206573
298500 12.206573
299500 12.206573
300500 12.206573
301500 12.206573
302500 12.206573
303500 12.206573
304500 12.206573
305500 12.206573
306500 12.206573
307500 12.206573
308500 12.206573
309500 12.206573
310500 12.206573
311500 12.206573
312500 12.206573
313500 12.206573
314500 12.206573
315500 12.206573
316500 12.206573
317500 12.206573
318500 12.206573
319500 12.206573
320500 12.206573
321500 12.206573
322500 12.206573
323500 12.206573
324500 12.206573
325500 12.206573
326500 12.206573
327500 10.934393
328500 10.934393
329500 10.934393
330500 10.934393
331500 10.934393
332500 10.934393
333500 10.934393
334500 10.934393
335500 10.934393
336500 10.934393
337500 10.934393
338500 10.934393
339500 10.934393
340500 10.934393
341500 10.934393
342500 10.934393
343500 10.934393
344500 10.934393
345500 10.934393
346500 10.934393
347500 10.934393
348500 10.934393
349500 10.934393
350500 10.934393
351500 10.934393
352500 10.934393
353500 10.934393
354500 10.934393
355500 10.934393
356500 10.934393
357500 10.934393
358500 10.934393
359500 10.934393
360500 10.934393
361500 10.934393
362500 12.172285
363500 12.172285
364500 12.172285
365500 12.172285
366500 12.172285
367500 12.172285
368500 12.172285
369500 12.172285
370500 12.172285
371500 12.172285
372500 12.172285
373500 12.172285
374500 12.172285
375500 12.172285
376500 12.172285
377500 12.172285
378500 12.172285
379500 12.172285
380500 12.172285
381500 12.172285
382500 12.172285
383500 12.172285
384500 12.172285
385500 12.172285
386500 12.172285
387500 12.172285
388500 12.172285
389500 12.172285
390500 12.172285
391500 12.172285
392500 12.172285
393500 12.172285
394500 12.172285
395500 11.916584
396500 11.916584
397500 11.916584
398500 11.916584
399500 11.916584
400500 11.916584
401500 11.916584
402500 11.916584
403500 11.916584
404500 11.916584
405500 11.916584
406500 11.916584
407500 11.916584
408500 11.916584
409500 11.916584
410500 11.916584
411500 11.916584
412500 11.916584
413500 11.916584
414500 11.916584
415500 11.916584
416500 11.916584
417500 11.916584
418500 11.916584
419500 11.916584
420500 11.916584
421500 11.916584
422500 11.916584
423500 11.916584
424500 11.916584
425500 11.916584
426500 11.916584
427500 11.916584
428500 11.916584
429500 11.916584
430500 10.978956
431500 10.978956
432500 10.978956
433500 10.978956
434500 10.978956
435500 10.978956
436500 10.978956
437500 10.978956
438500 10.978956
439500 10.978956
440500 10.978956
441500 10.978956
442500 10.978956
443500 10.978956
444500 10.978956
445500 10.978956
446500 10.978956
447500 10.978956
448500 10.978956
449500 10.978956
450500 10.978956
451500 10.978956
452500 10.978956
453500 10.978956
454500 10.978956
455500 10.978956
456500 10.978956
457500 10.978956
458500 10.978956
459500 10.978956
460500 10.978956
461500 10.978956
462500 10.978956
463500 10.978956
464500 10.978956
465500 10.175763
466500 10.175763
467500 10.175763
468500 10.175763
469500 10.175763
470500 10.175763
471500 10.175763
472500 10.175763
473500 10.175763
474500 10.175763
475500 10.175763
476500 10.175763
477500 10.175763
478500 10.175763
479500 10.175763
480500 10.175763
481500 10.175763
482500 10.175763
483500 10.175763
484500 10.175763
485500 10.175763
486500 10.175763
487500 10.175763
488500 10.175763
489500 10.175763
490500 10.175763
491500 10.175763
492500 10.175763
493500 10.175763
494500 10.175763
495500 10.175763
496500 10.175763
497500 10.175763
498500 10.175763
499500 10.175763
500500 9.425071
501500 9.425071
502500 9.425071
503500 9.425071
504500 9.425071
505500 9.425071
506500 9.425071
507500 9.425071
508500 9.425071
509500 9.425071
510500 9.425071
511500 9.425071
512500 9.425071
513500 9.425071
514500 9.425071
515500 9.425071
516500 9.425071
517500 9.425071
518500 9.425071
519500 9.425071
520500 9.425071
521500 9.425071
522500 9.425071
523500 9.425071
524500 9.425071
525500 9.425071
526500 9.425071
527500 9.425071
528500 9.425071
529500 9.425071
530500 9.425071
531500 9.425071
532500 9.425071
533500 8.797654
534500 8.797654
535500 8.797654
536500 8.797654
537500 8.797654
538500 8.797654
539500 8.797654
540500 8.797654
541500 8.797654
542500 8.797654
543500 8.797654
544500 8.797654
545500 8.797654
546500 8.797654
547500 8.797654
548500 8.797654
549500 8.797654
550500 8.797654
551500 8.797654
552500 8.797654
553500 8.797654
554500 8.797654
555500 8.797654
556500 8.797654
557500 8.797654
558500 8.797654
559500 8.797654
560500 8.797654
561500 8.797654
562500 8.797654
563500 8.797654
564500 8.797654
565500 8.797654
566500 8.797654
567500 8.797654
568500 8.294930
569500 8.294930
570500 8.294930
571500 8.294930
572500 8.294930
573500 8.294930
574500 8.294930
575500 8.294930
576500 8.294930
577500 8.294930
578500 8.294930
579500 8.294930
580500 8.294930
581500 8.294930
582500 8.294930
583500 8.294930
584500 8.294930
585500 8.294930
586500 8.294930
587500 8.294930
588500 8.294930
589500 8.294930
590500 8.294930
591500 8.294930
592500 8.294930
593500 8.294930
594500 8.294930
595500 8.294930
596500 8.294930
597500 8.294930
598500 8.294930
599500 8.294930
600500 8.294930
601500 7.804878
602500 7.804878
603500 7.804878
604500 7.804878
605500 7.804878
606500 7.804878
607500 7.804878
608500 7.804878
609500 7.804878
610500 7.804878
611500 7.804878
612500 7.804878
613500 7.804878
614500 7.804878
615500 7.804878
616500 7.804878
617500 7.804878
618500 7.804878
619500 7.804878
620500 7.804878
621500 7.804878
622500 7.804878
623500 7.804878
624500 7.804878
625500 7.804878
626500 7.804878
627500 7.804878
628500 7.804878
629500 7.804878
630500 7.804878
631500 7.804878
632500 7.804878
633500 7.804878
634500 7.804878
635500 7.804878
636500 7.804878
637500 7.359705
638500 7.359705
639500 7.359705
640500 7.359705
641500 7.359705
642500 7.359705
643500 7.359705
644500 7.359705
645500 7.359705
646500 7.359705
647500 7.359705
648500 7.359705
649500 7.359705
650500 7.359705
651500 7.359705
652500 7.359705
653500 7.359705
654500 7.359705
655500 7.359705
656500 7.359705
657500 7.359705
658500 7.359705
659500 7.359705
660500 7.359705
661500 7.359705
662500 7.359705
663500 7.359705
664500 7.359705
665500 7.359705
666500 7.359705
667500 7.359705
668500 7.359705
669500 6.993007
670500 6.993007
671500 6.993007
672500 6.993007
673500 6.993007
674500 6.993007
675500 6.993007
676500 6.993007
677500 6.993007
678500 6.993007
679500 6.993007
680500 6.993007
681500 6.993007
682500 6.993007
683500 6.993007
684500 6.993007
685500 6.993007
686500 6.993007
687500 6.993007
688500 6.993007
689500 6.993007
690500 6.993007
691500 6.993007
692500 6.993007
693500 6.993007
694500 6.993007
695500 6.993007
696500 6.993007
697500 6.993007
698500 6.993007
699500 6.993007
700500 6.993007
701500 6.993007
702500 6.993007
703500 6.635071
704500 6.635071
705500 6.635071
706500 6.635071
707500 6.635071
708500 6.635071
709500 6.635071
710500 6.635071
711500 6.635071
712500 6.635071
713500 6.635071
714500 6.635071
715500 6.635071
716500 6.635071
717500 6.635071
718500 6.635071
719500 6.635071
720500 6.635071
721500 6.635071
722500 6.635071
723500 6.635071
724500 6.635071
725500 6.635071
726500 6.635071
727500 6.635071
728500 6.635071
729500 6.635071
730500 6.635071
731500 6.635071
732500 6.635071
733500 6.635071
734500 6.635071
735500 6.635071
736500 6.635071
737500 6.635071
738500 6.635071
739500 6.381039
740500 6.381039
741500 6.381039
742500 6.381039
743500 6.381039
744500 6.381039
745500 6.381039
746500 6.381039
747500 6.381039
748500 6.381039
749500 6.381039
750500 6.381039
751500 6.381039
752500 6.381039
753500 6.381039
754500 6.381039
755500 6.381039
756500 6.381039
757500 6.381039
758500 6.381039
759500 6.381039
760500 6.381039
761500 6.381039
762500 6.381039
763500 6.381039
764500 6.381039
765500 6.381039
766500 6.381039
767500 6.381039
768500 6.381039
769500 6.381039
770500 6.381039
771500 6.381039
772500 6.381039
773500 6.381039
774500 6.381039
775500 6.381039
776500 6.381039
777500 6.050130
778500 6.050130
779500 6.050130
780500 6.050130
781500 6.050130
782500 6.050130
783500 6.050130
784500 6.050130
785500 6.050130
786500 6.050130
787500 6.050130
788500 6.050130
789500 6.050130
790500 6.050130
791500 6.050130
792500 6.050130
793500 6.050130
794500 6.050130
795500 6.050130
796500 6.050130
797500 6.050130
798500 6.050130
799500 6.050130
800500 6.050130
801500 6.050130
802500 6.050130
803500 6.050130
804500 6.050130
805500 6.050130
806500 6.050130
807500 6.050130
808500 6.050130
809500 6.050130
810500 6.050130
811500 5.780347
812500 5.780347
813500 5.780347
814500 5.780347
815500 5.780347
816500 5.780347
817500 5.780347
818500 5.780347
819500 5.780347
820500 5.780347
821500 5.780347
822500 5.780347
823500 5.780347
824500 5.780347
825500 5.780347
826500 5.780347
827500 5.780347
828500 5.780347
829500 5.780347
830500 5.780347
831500 5.780347
832500 5.780347
833500 5.780347
834500 5.780347
835500 5.780347
836500 5.780347
837500 5.780347
838500 5.780347
839500 5.780347
840500 5.780347
841500 5.780347
842500 5.780347
843500 5.780347
844500 5.780347
845500 5.780347
846500 5.581395
847500 5.581395
848500 5.581395
849500 5.581395
850500 5.581395
851500 5.581395
852500 5.581395
853500 5.581395
854500 5.581395
855500 5.581395
856500 5.581395
857500 5.581395
858500 5.581395
859500 5.581395
860500 5.581395
861500 5.581395
862500 5.581395
863500 5.581395
864500 5.581395
865500 5.581395
866500 5.581395
867500 5.581395
868500 5.581395
869500 5.581395
870500 5.581395
871500 5.581395
872500 5.581395
873500 5.581395
874500 5.581395
875500 5.581395
876500 5.581395
877500 5.581395
878500 5.581395
879500 5.581395
880500 5.581395
881500 5.581395
882500 5.286344
883500 5.286344
884500 5.286344
885500 5.286344
886500 5.286344
887500 5.286344
888500 5.286344
889500 5.286344
890500 5.286344
891500 5.286344
892500 5.286344
893500 5.286344
894500 5.286344
895500 5.286344
896500 5.286344
897500 5.286344
898500 5.286344
899500 5.286344
900500 5.286344
901500 5.286344
902500 5.286344
903500 5.286344
904500 5.286344
905500 5.286344
906500 5.286344
907500 5.286344
908500 5.286344
909500 5.286344
910500 5.286344
911500 5.286344
912500 5.286344
913500 5.286344
914500 5.286344
915500 5.286344
916500 5.286344
917500 5.286344
918500 5.286344
919500 5.286344
920500 5.128205
921500 5.128205
922500 5.128205
923500 5.128205
924500 5.128205
925500 5.128205
926500 5.128205
927500 5.128205
928500 5.128205
929500 5.128205
930500 5.128205
931500 5.128205
932500 5.128205
933500 5.128205
934500 5.128205
935500 5.128205
936500 5.128205
937500 5.128205
938500 5.128205
939500 5.128205
940500 5.128205
941500 5.128205
942500 5.128205
943500 5.128205
944500 5.128205
945500 5.128205
946500 5.128205
947500 5.128205
948500 5.128205
949500 5.128205
950500 5.128205
951500 5.128205
952500 5.128205
953500 4.935834
954500 4.935834
955500 4.935834
956500 4.935834
957500 4.935834
958500 4.935834
959500 4.935834
960500 4.935834
961500 4.935834
962500 4.935834
963500 4.935834
964500 4.935834
965500 4.935834
966500 4.935834
967500 4.935834
968500 4.935834
969500 4.935834
970500 4.935834
971500 4.935834
972500 4.935834
973500 4.935834
974500 4.935834
975500 4.935834
976500 4.935834
977500 4.935834
978500 4.935834
979500 4.935834
980500 4.935834
981500 4.935834
982500 4.935834
983500 4.935834
984500 4.935834
985500 4.935834
986500 4.935834
987500 4.766444
988500 4.766444
989500 4.766444
990500 4.766444
991500 4.766444
992500 4.766444
993500 4.766444
994500 4.766444
995500 4.766444
996500 4.766444
997500 4.766444
998500 4.766444
999500 4.766444