-4.810000 59.980335
0.190000 59.980335
5.190000 59.980335
10.190000 59.980335
15.190000 59.980335
20.190000 59.980335
25.190000 59.980335
30.190000 59.980335
35.190000 59.980335
40.190000 59.980335
45.190000 59.980335
50.190000 59.980335
55.190000 59.980335
60.190000 59.980335
65.190000 59.980335
70.190000 59.980335
75.190000 59.980335
80.190000 59.980335
85.190000 59.980335
90.190000 59.980335
95.190000 59.980335
100.190000 59.980335
105.190000 59.980335
110.190000 60.039368
115.190000 60.039368
120.190000 60.039368
125.190000 60.039368
130.190000 60.039368
135.190000 60.039368
140.190000 60.039368
145.190000 60.039368
150.190000 60.039368
155.190000 60.039368
160.190000 60.039368
165.190000 60.039368
170.190000 60.039368
175.190000 60.039368
180.190000 60.039368
185.190000 60.039368
190.190000 60.039368
195.190000 60.039368
200.190000 60.039368
205.190000 60.039368
210.190000 60.039368
215.190000 60.039368
220.190000 60.039368
225.190000 60.039368
230.190000 60.039368
235.190000 60.039368
240.190000 60.039368
245.190000 60.039368
250.190000 60.039368
255.190000 60.039368
260.190000 60.039368
265.190000 60.039368
270.190000 60.039368
275.190000 60.039368
280.190000 60.039368
285.190000 60.039368
290.190000 60.039368
295.190000 60.039368
300.190000 60.039368
305.190000 60.039368
310.190000 60.039368
315.190000 60.039368
320.190000 60.039368
325.190000 60.039368
330.190000 60.039368
335.190000 60.039368
340.190000 60.039368
345.190000 60.039368
350.190000 60.039368
355.190000 60.039368
360.190000 60.039368
365.190000 60.039368
370.190000 60.039368
375.190000 60.039368
380.190000 60.039368
385.190000 60.039368
390.190000 60.039368
395.190000 60.039368
400.190000 60.039368
405.190000 60.039368
410.190000 60.039368
415.190000 60.039368
420.190000 60.039368
425.190000 60.039368
430.190000 60.039368
435.190000 60.039368
440.190000 59.940056
445.190000 59.940056
450.190000 59.940056
455.190000 59.940056
460.190000 59.940056
465.190000 59.940056
470.190000 59.940056
475.190000 59.940056
480.190000 59.940056
485.190000 59.940056
490.190000 59.940056
495.190000 59.940056
500.190000 59.940056
505.190000 59.940056
510.190000 59.940056
515.190000 59.940056
520.190000 59.940056
525.190000 59.940056
530.190000 59.940056
535.190000 59.940056
540.190000 59.940056
545.190000 59.940056
550.190000 59.940056
555.190000 59.940056
560.190000 59.940056
565.190000 59.940056
570.190000 59.940056
575.190000 59.940056
580.190000 59.940056
585.190000 59.940056
590.190000 59.940056
595.190000 59.940056
600.190000 59.940056
605.190000 59.980335
610.190000 59.980335
615.190000 59.980335
620.190000 59.980335
625.190000 59.980335
630.190000 59.980335
635.190000 59.980335
640.190000 59.980335
645.190000 59.980335
650.190000 59.980335
655.190000 59.980335
660.190000 59.980335
665.190000 59.980335
670.190000 59.980335
675.190000 59.980335
680.190000 59.980335
685.190000 59.980335
690.190000 59.980335
695.190000 59.980335
700.190000 59.980335
705.190000 59.980335
710.190000 59.980335
715.190000 59.980335
720.190000 59.980335
725.190000 59.980335
730.190000 59.980335
735.190000 59.980335
740.190000 59.980335
745.190000 59.980335
750.190000 59.980335
755.190000 59.980335
760.190000 59.980335
765.190000 59.980335
770.190000 59.980335
775.190000 60.039368
780.190000 60.039368
785.190000 60.039368
790.190000 60.039368
795.190000 60.039368
800.190000 60.039368
805.190000 60.039368
810.190000 60.039368
815.190000 60.039368
820.190000 60.039368
825.190000 60.039368
830.190000 60.039368
835.190000 60.039368
840.190000 60.039368
845.190000 60.039368
850.190000 60.039368
855.190000 60.039368
860.190000 60.039368
865.190000 60.039368
870.190000 60.039368
875.190000 60.039368
880.190000 60.039368
885.190000 60.039368
890.190000 60.039368
895.190000 60.039368
900.190000 60.039368
905.190000 60.039368
910.190000 60.039368
915.190000 60.039368
920.190000 60.039368
925.190000 60.039368
930.190000 60.039368
935.190000 60.039368
940.190000 59.980335
945.190000 59.980335
950.190000 59.980335
955.190000 59.980335
960.190000 59.980335
965.190000 59.980335
970.190000 59.980335
975.190000 59.980335
980.190000 59.980335
985.190000 59.980335
990.190000 59.980335
995.190000 59.980335
1000.190000 59.980335
1005.190000 59.980335
1010.190000 59.980335
1015.190000 59.980335
1020.190000 59.980335
1025.190000 59.980335
1030.190000 59.980335
1035.190000 59.980335
1040.190000 59.980335
1045.190000 59.980335
1050.190000 59.980335
1055.190000 59.980335
1060.190000 59.980335
1065.190000 59.980335
1070.190000 59.980335
1075.190000 59.980335
1080.190000 59.980335
1085.190000 59.980335
1090.190000 59.980335
1095.190000 59.980335
1100.190000 59.980335
1105.190000 59.980335
1110.190000 59.980335
1115.190000 59.980335
1120.190000 59.980335
1125.190000 59.980335
1130.190000 59.980335
1135.190000 59.980335
1140.190000 59.980335
1145.190000 59.980335
1150.190000 59.980335
1155.190000 59.980335
1160.190000 59.980335
1165.190000 59.980335
1170.190000 59.980335
1175.190000 59.980335
1180.190000 59.980335
1185.190000 59.980335
1190.190000 59.980335
1195.190000 59.980335
1200.190000 59.980335
1205.190000 59.980335
1210.190000 59.980335
1215.190000 59.980335
1220.190000 59.980335
1225.190000 59.980335
1230.190000 59.980335
1235.190000 59.980335
1240.190000 59.980335
1245.190000 59.980335
1250.190000 59.980335
1255.190000 59.980335
1260.190000 59.980335
1265.190000 59.980335
1270.190000 59.980335
1275.190000 60.039368
1280.190000 60.039368
1285.190000 60.039368
1290.190000 60.039368
1295.190000 60.039368
1300.190000 60.039368
1305.190000 60.039368
1310.190000 60.039368
1315.190000 60.039368
1320.190000 60.039368
1325.190000 60.039368
1330.190000 60.039368
1335.190000 60.039368
1340.190000 60.039368
1345.190000 60.039368
1350.190000 60.039368
1355.190000 60.039368
1360.190000 60.039368
1365.190000 60.039368
1370.190000 60.039368
1375.190000 60.039368
1380.190000 60.039368
1385.190000 60.039368
1390.190000 60.039368
1395.190000 60.039368
1400.190000 60.039368
1405.190000 60.039368
1410.190000 60.039368
1415.190000 60.039368
1420.190000 60.039368
1425.190000 60.039368
1430.190000 60.039368
1435.190000 60.039368
1440.190000 59.980335
1445.190000 59.980335
1450.190000 59.980335
1455.190000 59.980335
1460.190000 59.980335
1465.190000 59.980335
1470.190000 59.980335
1475.190000 59.980335
1480.190000 59.980335
1485.190000 59.980335
1490.190000 59.980335
1495.190000 59.980335
1500.190000 59.980335
1505.190000 59.980335
1510.190000 59.980335
1515.190000 59.980335
1520.190000 59.980335
1525.190000 59.980335
1530.190000 59.980335
1535.190000 59.980335
1540.190000 59.980335
1545.190000 59.980335
1550.190000 59.980335
1555.190000 59.980335
1560.190000 59.980335
1565.190000 59.980335
1570.190000 59.980335
1575.190000 59.980335
1580.190000 59.980335
1585.190000 59.980335
1590.190000 59.980335
1595.190000 59.980335
1600.190000 59.980335
1605.190000 60.039368
1610.190000 60.039368
1615.190000 60.039368
1620.190000 60.039368
1625.190000 60.039368
1630.190000 60.039368
1635.190000 60.039368
1640.190000 60.039368
1645.190000 60.039368
1650.190000 60.039368
1655.190000 60.039368
1660.190000 60.039368
1665.190000 60.039368
1670.190000 60.039368
1675.190000 60.039368
1680.190000 60.039368
1685.190000 60.039368
1690.190000 60.039368
1695.190000 60.039368
1700.190000 60.039368
1705.190000 60.039368
1710.190000 60.039368
1715.190000 60.039368
1720.190000 60.039368
1725.190000 60.039368
1730.190000 60.039368
1735.190000 60.039368
1740.190000 60.039368
1745.190000 60.039368
1750.190000 60.039368
1755.190000 60.039368
1760.190000 60.039368
1765.190000 60.039368
1770.190000 60.039368
1775.190000 59.980335
1780.190000 59.980335
1785.190000 59.980335
1790.190000 59.980335
1795.190000 59.980335
1800.190000 59.980335
1805.190000 59.980335
1810.190000 59.980335
1815.190000 59.980335
1820.190000 59.980335
1825.190000 59.980335
1830.190000 59.980335
1835.190000 59.980335
1840.190000 59.980335
1845.190000 59.980335
1850.190000 59.980335
1855.190000 59.980335
1860.190000 59.980335
1865.190000 59.980335
1870.190000 59.980335
1875.190000 59.980335
1880.190000 59.980335
1885.190000 59.980335
1890.190000 59.980335
1895.190000 59.980335
1900.190000 59.980335
1905.190000 59.980335
1910.190000 59.980335
1915.190000 59.980335
1920.190000 59.980335
1925.190000 59.980335
1930.190000 59.980335
1935.190000 59.980335
1940.190000 59.980335
1945.190000 59.980335
1950.190000 59.980335
1955.190000 59.980335
1960.190000 59.980335
1965.190000 59.980335
1970.190000 59.980335
1975.190000 59.980335
1980.190000 59.980335
1985.190000 59.980335
1990.190000 59.980335
1995.190000 59.980335
2000.190000 59.980335
2005.190000 59.980335
2010.190000 59.980335
2015.190000 59.980335
2020.190000 59.980335
2025.190000 59.980335
2030.190000 59.980335
2035.190000 59.980335
2040.190000 59.980335
2045.190000 59.980335
2050.190000 59.980335
2055.190000 59.980335
2060.190000 59.980335
2065.190000 59.980335
2070.190000 59.980335
2075.190000 59.980335
2080.190000 59.980335
2085.190000 59.980335
2090.190000 59.980335
2095.190000 59.980335
2100.190000 59.980335
2105.190000 60.039368
2110.190000 60.039368
2115.190000 60.039368
2120.190000 60.039368
2125.190000 60.039368
2130.190000 60.039368
2135.190000 60.039368
2140.190000 60.039368
2145.190000 60.039368
2150.190000 60.039368
2155.190000 60.039368
2160.190000 60.039368
2165.190000 60.039368
2170.190000 60.039368
2175.190000 60.039368
2180.190000 60.039368
2185.190000 60.039368
2190.190000 60.039368
2195.190000 60.039368
2200.190000 60.039368
2205.190000 60.039368
2210.190000 60.039368
2215.190000 60.039368
2220.190000 60.039368
2225.190000 60.039368
2230.190000 60.039368
2235.190000 60.039368
2240.190000 60.039368
2245.190000 60.039368
2250.190000 60.039368
2255.190000 60.039368
2260.190000 60.039368
2265.190000 60.039368
2270.190000 59.940056
2275.190000 59.940056
2280.190000 59.940056
2285.190000 59.940056
2290.190000 59.940056
2295.190000 59.940056
2300.190000 59.940056
2305.190000 59.940056
2310.190000 59.940056
2315.190000 59.940056
2320.190000 59.940056
2325.190000 59.940056
2330.190000 59.940056
2335.190000 59.940056
2340.190000 59.940056
2345.190000 59.940056
2350.190000 59.940056
2355.190000 59.940056
2360.190000 59.940056
2365.190000 59.940056
2370.190000 59.940056
2375.190000 59.940056
2380.190000 59.940056
2385.190000 59.940056
2390.190000 59.940056
2395.190000 59.940056
2400.190000 59.940056
2405.190000 59.940056
2410.190000 59.940056
2415.190000 59.940056
2420.190000 59.940056
2425.190000 59.940056
2430.190000 59.940056
2435.190000 59.940056
2440.190000 60.039368
2445.190000 60.039368
2450.190000 60.039368
2455.190000 60.039368
2460.190000 60.039368
2465.190000 60.039368
2470.190000 60.039368
2475.190000 60.039368
2480.190000 60.039368
2485.190000 60.039368
2490.190000 60.039368
2495.190000 60.039368
2500.190000 60.039368
2505.190000 60.039368
2510.190000 60.039368
2515.190000 60.039368
2520.190000 60.039368
2525.190000 60.039368
2530.190000 60.039368
2535.190000 60.039368
2540.190000 60.039368
2545.190000 60.039368
2550.190000 60.039368
2555.190000 60.039368
2560.190000 60.039368
2565.190000 60.039368
2570.190000 60.039368
2575.190000 60.039368
2580.190000 60.039368
2585.190000 60.039368
2590.190000 60.039368
2595.190000 60.039368
2600.190000 59.940056
2605.190000 59.940056
2610.190000 59.940056
2615.190000 59.940056
2620.190000 59.940056
2625.190000 59.940056
2630.190000 59.940056
2635.190000 59.940056
2640.190000 59.940056
2645.190000 59.940056
2650.190000 59.940056
2655.190000 59.940056
2660.190000 59.940056
2665.190000 59.940056
2670.190000 59.940056
2675.190000 59.940056
2680.190000 59.940056
2685.190000 59.940056
2690.190000 59.940056
2695.190000 59.940056
2700.190000 59.940056
2705.190000 59.940056
2710.190000 59.940056
2715.190000 59.940056
2720.190000 59.940056
2725.190000 59.940056
2730.190000 59.940056
2735.190000 59.940056
2740.190000 59.940056
2745.190000 59.940056
2750.190000 59.940056
2755.190000 59.940056
2760.190000 59.940056
2765.190000 59.940056
2770.190000 60.039368
2775.190000 60.039368
2780.190000 60.039368
2785.190000 60.039368
2790.190000 60.039368
2795.190000 60.039368
2800.190000 60.039368
2805.190000 60.039368
2810.190000 60.039368
2815.190000 60.039368
2820.190000 60.039368
2825.190000 60.039368
2830.190000 60.039368
2835.190000 60.039368
2840.190000 60.039368
2845.190000 60.039368
2850.190000 60.039368
2855.190000 60.039368
2860.190000 60.039368
2865.190000 60.039368
2870.190000 60.039368
2875.190000 60.039368
2880.190000 60.039368
2885.190000 60.039368
2890.190000 60.039368
2895.190000 60.039368
2900.190000 60.039368
2905.190000 60.039368
2910.190000 60.039368
2915.190000 60.039368
2920.190000 60.039368
2925.190000 60.039368
2930.190000 60.039368
2935.190000 59.980335
2940.190000 59.980335
2945.190000 59.980335
2950.190000 59.980335
2955.190000 59.980335
2960.190000 59.980335
2965.190000 59.980335
2970.190000 60.039368
2975.190000 60.039368
2980.190000 60.039368
2985.190000 59.980335
2990.190000 59.980335
2995.190000 59.980335
3000.190000 59.980335
3005.190000 59.940056
3010.190000 59.940056
3015.190000 60.098522